0.54943
0.89383
0.33191
0.07168
0.87756
0.36291
0.58515
0.71359
0.47926
0.16122
0.56180
0.28321
0.59758
0.13661
0.93218
0.91863
0.48327
0.19047
0.18439
0.63673
0.16108
0.63865
0.32701
0.39046
0.43118
0.10456
0.64524
0.37388
0.03492
0.54363
0.18567
0.99185
0.02481
0.57031
0.28422
0.32264
0.69906
0.34327
0.78016
0.31381
0.95810
0.64325
0.11436
0.36441
0.61656
0.48135
0.83356
0.06354
0.35573
0.87031
0.70480
0.46376
0.90560
0.16564
0.17870
0.35699
0.08475
0.14436
0.97903
0.48068
0.17098
0.50770
0.87338
0.47099
0.87751
0.18026
0.73411
0.32142
0.70629
0.61869
0.59908
0.27749
0.83628
0.27629
0.15726
0.81561
0.31114
0.92624
0.16699
0.44359
0.66251
0.74588
0.85088
0.29138
0.22415
0.50397
0.74670
0.76072
0.89407
0.78023
0.03109
0.78363
0.66394
0.26870
0.14677
0.48908
0.99680
0.48104
0.21298
0.51271
0.28761
0.09655
0.61803
0.84183
0.18902
0.39472
0.05416
0.72819
0.66034
0.70884
0.01975
0.66305
0.71557
0.17775
0.76438
0.48612
0.74230
0.87304
0.01129
0.48329
0.01023
0.40496
0.14815
0.98116
0.31884
0.17181
0.99327
0.55282
0.05753
0.46030
0.90086
0.54297
0.22242
0.10861
0.97530
0.77380
0.18705
0.39472
0.55447
0.04339
0.82695
0.29317
0.18936
0.72411
0.12192
0.89148
0.11171
0.68098
0.40085
0.82266
0.10896
0.43301
0.88995
0.85347
0.73058
0.16240
0.96369
0.89760
0.72371
0.10516
0.47184
0.49584
0.63768
0.88141
0.88365
0.67282
0.87633
0.93680
0.68713
0.69115
0.30714
0.93103
0.53645
0.74865
0.54961
0.26766
0.30020
0.77929
0.32116
0.47194
0.87234
0.50445
0.42142
0.21612
0.46483
0.16280
0.41955
0.25975
0.44615
0.71009
0.84778
0.86362
0.41225
0.15085
0.17005
0.60467
0.21048
0.63817
0.36940
0.82902
0.53503
0.75807
0.80687
0.92153
0.72215
0.60793
0.69782
0.10506
0.31163
0.88176
0.96779
0.86069
0.89948
0.79991
0.92110
0.85394
0.87735
0.38849
0.15016
0.69209
0.65131
0.14552
0.21534
0.75454
0.29676
0.62819
0.17879
0.93889
0.60180
0.72646
0.36422
0.83763
0.64327
0.90174
0.38164
0.08636
0.19121
0.97619
0.53976
0.45957
0.03787
0.16730
0.79522
0.59931
0.59540
0.81944
0.44825
0.64940
0.90140
0.26163
0.80385
0.97749
0.67117
0.62734
0.19061
0.64495
0.47096
0.89069
0.06865
0.61509
0.08349
0.64223
0.14482
0.76255
0.79872
0.40406
0.67451
0.64099
0.05305
0.14900
0.05484
0.35487
0.72272
0.10351
0.70709
0.09025
0.42992
0.85812
0.67619
0.39831
0.85408
0.96550
0.41647
0.49236
0.58837
0.64392
0.50045
0.26555
0.58254
0.62953
0.70560
0.37719
0.60182
0.23745
0.47023
0.36376
0.74014
0.85895
0.17243
0.83471
0.86116
0.11254
0.32468
0.70943
0.01001
0.96174
0.52756
0.76535
0.98259
0.96997
0.93920
0.78955
0.62282
0.11553
0.54932
0.68135
0.52137
0.33305
0.80454
0.31124
0.84694
0.71578
0.23363
0.45070
0.44256
0.10791
0.86858
0.41219
0.74482
0.44222
0.61624
0.66102
0.20451
0.10761
0.08992
0.15606
0.40771
0.88884
0.94598
0.35562
0.78520
0.13909
0.23516
0.62721
0.02812
0.38236
0.26696
0.89406
0.04078
0.64651
0.14667
0.89678
0.78735
0.49816
0.76916
0.17390
0.61735
0.32309
0.03885
0.18153
0.81735
0.44505
0.19286
0.16507
0.76255
0.83468
0.97891
0.46777
0.10989
0.81741
0.84600
0.27014
0.96681
0.40874
0.82072
0.47803
0.36688
0.08680
0.91922
0.75045
0.86052
0.96154
0.15249
0.93327
0.20847
0.12042
0.52475
0.56535
0.71703
0.93108
0.80941
0.32554
0.71797
0.24260
0.89328
0.40856
0.30496
0.65845
0.43105
0.44658
0.18865
0.19222
0.15618
0.40109
0.27185
0.55091
0.17173
0.21054
0.40282
0.29205
0.48310
0.31091
0.91821
0.98295
0.40919
0.02153
0.41043
0.31781
0.82528
0.21738
0.57482
0.48139
0.58899
0.25613
0.61301
0.62829
0.99210
0.10345
0.43614
0.41240
0.57281
0.07607
0.39301
0.23915
0.54211
0.15406
0.76487
0.27193
0.42178
0.12376
0.48492
0.59682
0.72578
0.85157
0.97373
0.03728
0.77839
0.04812
0.32450
0.78880
0.12491
0.73652
0.92315
0.18942
0.08234
0.29768
0.96913
0.80065
0.78088
0.62726
0.76917
0.80156
0.14410
0.08573
0.58056
0.71531
0.05558
0.70340
0.72116
0.32393
0.16277
0.37930
0.40168
0.85155
0.63257
0.14502
0.97568
0.17184
0.00623
0.15342
0.23728
0.99302
0.06101
0.23326
0.56923
0.64535
0.61687
0.56324
0.44853
0.74597
0.42461
0.96831
0.05758
0.48924
0.41421
0.32746
0.61786
0.64123
0.34846
0.51756
0.56479
0.32675
0.56001
0.49864
0.29675
0.37525
0.14664
0.51261
0.66596
0.02919
0.28886
0.53809
0.72025
0.21061
0.72064
0.23932
0.56247
0.70699
0.38816
0.58168
0.13200
0.56147
0.06047
0.03250
0.88346
0.56707
0.32057
0.96269
0.37503
0.58519
0.07172
0.22137
0.61902
0.08944
0.75423
0.37668
0.36172
0.04184
0.60821
0.62157
0.05534
0.27207
0.00813
0.59146
0.92234
0.82139
0.86781
0.60558
0.44545
0.90882
0.65537
0.77736
0.02659
0.36009
0.48597
0.93646
0.40636
0.77079
0.31908
0.38668
0.01336
0.09990
0.68656
0.74964
0.59280
0.12675
0.74998
0.56520
0.94840
0.76383
0.68200
0.26118
0.30651
0.41105
0.96042
0.38642
0.45380
0.19873
0.07263
0.15887
0.27433
0.16114
0.44940
0.07329
0.74250
0.42620
0.30774
0.68007
0.74314
0.48494
0.05508
0.66086
0.44518
0.51912
0.25109
0.25801
0.76716
0.28475
0.73875
0.07597
0.88525
0.10282
0.99590
0.55287
0.76037
0.05600
0.36413
0.20839
0.82871
0.86602
0.74471
0.26415
0.15605
0.82199
0.83777
0.84628
0.85162
0.82458
0.51699
0.54848
0.35514
0.03925
0.41115
0.27649
0.86104
0.09138
0.50189
0.98154
0.65604
0.37273
0.51462
0.55153
0.37503
0.51093
0.55709
0.58093
0.87485
0.20462
0.27333
0.86160
0.01766
0.17604
0.54073
0.77910
0.36502
0.74462
0.99085
0.04991
0.76034
0.25080
0.57754
0.95898
0.10178
0.64436
0.28962
0.78370
0.96597
0.53355
0.44864
0.83222
0.57971
0.22173
0.08487
0.77338
0.61609
0.59953
0.45355
0.09357
0.44648
0.31287
0.73946
0.46932
0.82373
0.59273
0.44220
0.98571
0.65402
0.21126
0.64881
0.19202
0.17965
0.01281
0.46666
0.66560
0.84055
0.65296
0.64767
0.01105
0.52195
0.10303
0.09319
0.28315
0.99814
0.92958
0.07498
0.90908
0.41143
0.09512
0.75234
0.95598
0.54122
0.91937
0.60444
0.57727
0.91961
0.46715
0.86120
0.14448
0.00499
0.11433
0.71047
0.40246
0.84158
0.85265
0.23558
0.96066
0.42137
0.31154
0.89594
0.13510
0.55910
0.89181
0.77423
0.91331
0.55366
0.50991
0.52000
0.06266
0.80274
0.70755
0.74540
0.95198
0.17087
0.95086
0.22207
0.30928
0.68046
0.32585
0.31357
0.59708
0.80739
0.94687
0.02218
0.67267
0.49838
0.89608
0.96878
0.94728
0.51069
0.23889
0.74840
0.93823
0.26758
0.58414
0.26751
0.00662
0.53595
0.45802
0.74707
0.32709
0.38804
0.86380
0.40754
0.91209
0.02211
0.75275
0.40793
0.29657
0.23402
0.79403
0.12543
0.33921
0.11214
0.53685
0.86129
0.22330
0.98397
0.31688
0.11680
0.25824
0.92212
0.81607
0.63593
0.36260
0.60449
0.27441
0.70518
0.87585
0.68364
0.09180
0.11518
0.61879
0.57981
0.56706
0.92225
0.79040
0.96026
0.49495
0.17356
0.51778
0.14844
0.89648
0.72803
0.72851
0.39644
0.94096
0.87201
0.80216
0.91737
0.52137
0.48526
0.67651
0.68079
0.35993
0.59503
0.96080
0.07335
0.97369
0.04595
0.81657
0.80727
0.57488
0.35152
0.51665
0.39331
0.33991
0.02788
0.62653
0.41452
0.05541
0.02536
0.65256
0.01113
0.85108
0.77763
0.56625
0.70264
0.68581
0.77287
0.06655
0.67104
0.71492
0.37478
0.37708
0.81364
0.58606
0.63760
0.54321
0.99342
0.01727
0.45886
0.93168
0.22621
0.53684
0.51303
0.83514
0.62956
0.89176
0.39952
0.63065
0.77186
0.70264
0.99798
0.94060
0.79505
0.01894
0.13630
0.62556
0.47264
0.38351
0.90964
0.74376
0.68599
0.17304
0.12557
0.29063
0.44438
0.17870
0.10139
0.25065
0.43261
0.64931
0.19558
0.96097
0.09254
0.53002
0.64562
0.72207
0.71784
0.67321
0.54142
0.43819
0.01991
0.42586
0.92645
0.08535
0.32466
0.94452
0.67531
0.28595
0.39837
0.60595
0.95840
0.53554
0.95080
0.47440
0.57019
0.73766
0.33718
0.17696
0.84539
0.28317
0.18710
0.63618
0.93153
0.27337
0.45077
0.72505
0.99551
0.46264
0.10329
0.98581
0.99690
0.62183
0.47342
0.92980
0.41108
0.12966
0.69215
0.74301
0.91041
0.12755
0.31504
0.12229
0.08722
0.79004
0.41968
0.63792
0.08044
0.21882
0.30225
0.71138
0.03654
0.02888
0.33993
0.65867
0.80303
0.40398
0.65445
0.20982
0.52455
0.05916
0.43424
0.73250
0.51562
0.09599
0.48236
0.87697
0.04930
0.30630
0.71364
0.51006
0.36102
0.75308
0.29017
0.69753
0.63512
0.18194
0.09531
0.90801
0.91511
0.20327
0.78683
0.86219
0.36486
0.21132
0.47682
0.21160
0.33043
0.63654
0.98225
0.39528
0.45712
0.29147
0.13962
0.82960
0.37522
0.96514
0.78325
0.99612
0.85793
0.83406
0.81424
0.87581
0.94763
0.54388
0.88201
0.50417
0.41452
0.41968
